# VIRUSFlow baseline_relative_response payload
# payload_version: remedy-effective-response-atmosphere-separated-1.0
# response_definition: throughput / normalization
# columns: wavelength_angstrom response uncertainty mask
# uncertainty: NaN because neither legacy input supplied response uncertainty
# mask bits: 1=response_invalid, 2=uncertainty_unavailable
# units: wavelength=Angstrom; response=1; uncertainty=1; mask=bit field
# provenance: legacy Remedy effective response with modeled atmosphere removed
# throughput_sha256: 6a6715e048dbc7d8ef709f371b2bdf2b0f7bf0fc2c063134b184d9494c9f141a
# normalization_sha256: c8c3eee4b89e1a688e9c438e451b5e63d8c961e860cb00c0e40ab4cdd0770c23
# method_identity: legacy-remedy-effective-response; exact curve-producing release unknown
# applicability: legacy Remedy reference epoch unspecified; five-pixel fractional aperture
# applicability: no fitted detector PSF; gap-sampled smooth scattered-light correction
# atmospheric_content: removed_with_model
# construction_extinction_model: mcdonald_extinction.dat
# construction_airmass: 1.22
# construction_airmass_basis: HET fixed altitude
# source_baseline: legacy Remedy throughput / normalization
# scientific_claim: atmosphere-separated empirical relative response, not absolute flux calibration
3470.0 0.071017774281840321 nan 2
3472.0 0.071935803185396066 nan 2
3474.0 0.072844905814907504 nan 2
3476.0 0.073745250796923317 nan 2
3478.0 0.074637002966619292 nan 2
3480.0 0.075520323476938753 nan 2
3482.0 0.076395369904018212 nan 2
3484.0 0.077262296349045384 nan 2
3486.0 0.078121253536690013 nan 2
3488.0 0.078972388910241206 nan 2
3490.0 0.079815846723580386 nan 2
3492.0 0.080651768130111351 nan 2
3494.0 0.081480291268765936 nan 2
3496.0 0.082301551347195856 nan 2
3498.0 0.083115680722259236 nan 2
3500.0 0.083922808977903052 nan 2
3502.0 0.084698314695521304 nan 2
3504.0 0.085466614160724444 nan 2
3506.0 0.086227835089222757 nan 2
3508.0 0.08698210256850103 nan 2
3510.0 0.087729539127710143 nan 2
3512.0 0.088470264805369125 nan 2
3514.0 0.08920439721495832 nan 2
3516.0 0.089932051608479446 nan 2
3518.0 0.090653340938056423 nan 2
3520.0 0.09136837591564774 nan 2
3522.0 0.092077265070937317 nan 2
3524.0 0.092780114807468964 nan 2
3526.0 0.093477029457087121 nan 2
3528.0 0.094168111332742624 nan 2
3530.0 0.094853460779721746 nan 2
3532.0 0.095533176225353053 nan 2
3534.0 0.096207354227245093 nan 2
3536.0 0.096876089520105721 nan 2
3538.0 0.097539475061191691 nan 2
3540.0 0.098197602074435827 nan 2
3542.0 0.098850560093296055 nan 2
3544.0 0.099498437002370793 nan 2
3546.0 0.10014131907782102 nan 2
3548.0 0.1007792910266402 nan 2
3550.0 0.10141243602481001 nan 2
3552.0 0.10204083575437918 nan 2
3554.0 0.1026645704395009 nan 2
3556.0 0.10328371888146365 nan 2
3558.0 0.10389835849274756 nan 2
3560.0 0.10450856533013962 nan 2
3562.0 0.1051144141269366 nan 2
3564.0 0.10571597832426677 nan 2
3566.0 0.10631333010155791 nan 2
3568.0 0.10690654040617958 nan 2
3570.0 0.10749567898228529 nan 2
3572.0 0.10808081439888134 nan 2
3574.0 0.10866201407714524 nan 2
3576.0 0.10923934431701894 nan 2
3578.0 0.10981287032309833 nan 2
3580.0 0.1103826562298422 nan 2
3582.0 0.11094876512612072 nan 2
3584.0 0.11151125907912533 nan 2
3586.0 0.11207019915765815 nan 2
3588.0 0.11262564545482165 nan 2
3590.0 0.11317765711012544 nan 2
3592.0 0.11372629233102957 nan 2
3594.0 0.11427160841393981 nan 2
3596.0 0.11481366176467298 nan 2
3598.0 0.11535250791840734 nan 2
3600.0 0.11588820155913415 nan 2
3602.0 0.11643649550327874 nan 2
3604.0 0.11698188876682637 nan 2
3606.0 0.11752443241021507 nan 2
3608.0 0.11806417674324556 nan 2
3610.0 0.11860117134174758 nan 2
3612.0 0.11913546506384352 nan 2
3614.0 0.11966710606582015 nan 2
3616.0 0.12019614181762062 nan 2
3618.0 0.12072261911796786 nan 2
3620.0 0.1212465841091292 nan 2
3622.0 0.12176808229133389 nan 2
3624.0 0.12228715853685242 nan 2
3626.0 0.12280385710374772 nan 2
3628.0 0.12331822164930833 nan 2
3630.0 0.12383029524317107 nan 2
3632.0 0.12434012038014396 nan 2
3634.0 0.12484773899273607 nan 2
3636.0 0.12535319246340426 nan 2
3638.0 0.12585676727695308 nan 2
3640.0 0.12635998215548758 nan 2
3642.0 0.12680310226167063 nan 2
3644.0 0.12724658578214421 nan 2
3646.0 0.12769047599088612 nan 2
3648.0 0.12813481591596121 nan 2
3650.0 0.12857964835509533 nan 2
3652.0 0.1290250158909759 nan 2
3654.0 0.12947096090629209 nan 2
3656.0 0.1299175255985279 nan 2
3658.0 0.13036475199451966 nan 2
3660.0 0.13081268196479157 nan 2
3662.0 0.13126135723767976 nan 2
3664.0 0.13171081941325719 nan 2
3666.0 0.13216110997706954 nan 2
3668.0 0.13261227031369469 nan 2
3670.0 0.13306434172013418 nan 2
3672.0 0.13351736541904852 nan 2
3674.0 0.13397138257184588 nan 2
3676.0 0.13442643429163362 nan 2
3678.0 0.13488256165604301 nan 2
3680.0 0.13533980571993592 nan 2
3682.0 0.13579820752800231 nan 2
3684.0 0.13625780812725888 nan 2
3686.0 0.13671864857945584 nan 2
3688.0 0.13718076997340209 nan 2
3690.0 0.13764421343721606 nan 2
3692.0 0.13810902015051144 nan 2
3694.0 0.13857523135652561 nan 2
3696.0 0.13904288837419854 nan 2
3698.0 0.13951203261021108 nan 2
3700.0 0.13998270557098952 nan 2
3702.0 0.14050861938162848 nan 2
3704.0 0.14103652799304281 nan 2
3706.0 0.14156647539492218 nan 2
3708.0 0.14209850579037228 nan 2
3710.0 0.14263266360823532 nan 2
3712.0 0.14316899351545156 nan 2
3714.0 0.14370754042946871 nan 2
3716.0 0.14424834953070581 nan 2
3718.0 0.14479146627508091 nan 2
3720.0 0.14533693640660825 nan 2
3722.0 0.14588446755701787 nan 2
3724.0 0.14643206590845226 nan 2
3726.0 0.1469794147409838 nan 2
3728.0 0.14752653461169563 nan 2
3730.0 0.14807344601345893 nan 2
3732.0 0.14862016937740818 nan 2
3734.0 0.14916672507539699 nan 2
3736.0 0.14971313342243653 nan 2
3738.0 0.15025941467911641 nan 2
3740.0 0.15080558905400876 nan 2
3742.0 0.15127010756541293 nan 2
3744.0 0.15173478288362119 nan 2
3746.0 0.15219963184238464 nan 2
3748.0 0.15266467125387154 nan 2
3750.0 0.1531299179105913 nan 2
3752.0 0.15359538858730967 nan 2
3754.0 0.15406110004295581 nan 2
3756.0 0.15452706902252225 nan 2
3758.0 0.15499331225895702 nan 2
3760.0 0.15545984647504993 nan 2
3762.0 0.15592668838531198 nan 2
3764.0 0.15639385469784936 nan 2
3766.0 0.15686136211623225 nan 2
3768.0 0.15732922734135837 nan 2
3770.0 0.15779746707331271 nan 2
3772.0 0.15826609801322297 nan 2
3774.0 0.15873513686511129 nan 2
3776.0 0.1592046003377435 nan 2
3778.0 0.15967450514647522 nan 2
3780.0 0.16014486801509611 nan 2
3782.0 0.160615705677672 nan 2
3784.0 0.16108703488038614 nan 2
3786.0 0.16155887238337918 nan 2
3788.0 0.16203123496258875 nan 2
3790.0 0.16250413941158934 nan 2
3792.0 0.16297760254343199 nan 2
3794.0 0.16345164119248526 nan 2
3796.0 0.16392627221627734 nan 2
3798.0 0.16440151249733953 nan 2
3800.0 0.16487737894505239 nan 2
3802.0 0.16533902499123787 nan 2
3804.0 0.16580124666603852 nan 2
3806.0 0.1662638654169776 nan 2
3808.0 0.16672572112335843 nan 2
3810.0 0.16718662329618378 nan 2
3812.0 0.16764657629534679 nan 2
3814.0 0.16810558446691684 nan 2
3816.0 0.16856365214322266 nan 2
3818.0 0.16902078364293421 nan 2
3820.0 0.16947698327114541 nan 2
3822.0 0.16993225531945511 nan 2
3824.0 0.17038660406604847 nan 2
3826.0 0.17084003377577825 nan 2
3828.0 0.17129254870024457 nan 2
3830.0 0.17174415307787552 nan 2
3832.0 0.1721948511340064 nan 2
3834.0 0.17264464708095939 nan 2
3836.0 0.17309354511812236 nan 2
3838.0 0.17354154943202732 nan 2
3840.0 0.17398866419642869 nan 2
3842.0 0.17434450300266191 nan 2
3844.0 0.17469965605254195 nan 2
3846.0 0.17505412671732656 nan 2
3848.0 0.17540791835835798 nan 2
3850.0 0.17576103432712584 nan 2
3852.0 0.17611347796532859 nan 2
3854.0 0.17646525260493542 nan 2
3856.0 0.17681636156824787 nan 2
3858.0 0.17716680816796063 nan 2
3860.0 0.17751659570722253 nan 2
3862.0 0.17786572747969753 nan 2
3864.0 0.17821420676962432 nan 2
3866.0 0.17856203685187727 nan 2
3868.0 0.17890922099202544 nan 2
3870.0 0.17925576244639291 nan 2
3872.0 0.17960166446211734 nan 2
3874.0 0.1799469302772097 nan 2
3876.0 0.18029156312061248 nan 2
3878.0 0.18063556621225885 nan 2
3880.0 0.18097894276313023 nan 2
3882.0 0.18132169597531508 nan 2
3884.0 0.18166382904206613 nan 2
3886.0 0.18200534514785835 nan 2
3888.0 0.18234624746844599 nan 2
3890.0 0.18268615255872533 nan 2
3892.0 0.18302273767978564 nan 2
3894.0 0.18335560364566975 nan 2
3896.0 0.18368473752706926 nan 2
3898.0 0.18401012673982459 nan 2
3900.0 0.18433175904667634 nan 2
3902.0 0.18461227938358996 nan 2
3904.0 0.18488889991331206 nan 2
3906.0 0.185161611785889 nan 2
3908.0 0.18543040651228074 nan 2
3910.0 0.18569527596534244 nan 2
3912.0 0.1859562123807211 nan 2
3914.0 0.18621320835766855 nan 2
3916.0 0.18646625685977042 nan 2
3918.0 0.18671535121559008 nan 2
3920.0 0.18696048511922889 nan 2
3922.0 0.18720165263080149 nan 2
3924.0 0.18743884817682679 nan 2
3926.0 0.18767206655053459 nan 2
3928.0 0.18790130291208787 nan 2
3930.0 0.18812655278872081 nan 2
3932.0 0.1883478120747927 nan 2
3934.0 0.18856507703175826 nan 2
3936.0 0.18877834428805382 nan 2
3938.0 0.18898761083890042 nan 2
3940.0 0.18919287404602378 nan 2
3942.0 0.18930919596669885 nan 2
3944.0 0.18942179139123846 nan 2
3946.0 0.18953066187878514 nan 2
3948.0 0.1896358093219162 nan 2
3950.0 0.18973723594556263 nan 2
3952.0 0.18983494430585515 nan 2
3954.0 0.18992893728889818 nan 2
3956.0 0.19001921810947364 nan 2
3958.0 0.19010579030967309 nan 2
3960.0 0.19018865775746163 nan 2
3962.0 0.19026782464517131 nan 2
3964.0 0.19034329548792722 nan 2
3966.0 0.19041507512200589 nan 2
3968.0 0.19048316870312698 nan 2
3970.0 0.19054758170467898 nan 2
3972.0 0.19060831991588026 nan 2
3974.0 0.19066603147181041 nan 2
3976.0 0.19072457270319329 nan 2
3978.0 0.19078458644227131 nan 2
3980.0 0.19084607334181025 nan 2
3982.0 0.19090903415531468 nan 2
3984.0 0.19097346973679419 nan 2
3986.0 0.19103938104054857 nan 2
3988.0 0.19110676912097185 nan 2
3990.0 0.19117563513237432 nan 2
3992.0 0.19124598032882328 nan 2
3994.0 0.19131780606400212 nan 2
3996.0 0.19139111379108747 nan 2
3998.0 0.19146590506264369 nan 2
4000.0 0.19154218153053668 nan 2
4002.0 0.19168885832478799 nan 2
4004.0 0.1918371057145711 nan 2
4006.0 0.19198692729793937 nan 2
4008.0 0.19213832677620069 nan 2
4010.0 0.19229130795410165 nan 2
4012.0 0.19244587474002731 nan 2
4014.0 0.19260203114622082 nan 2
4016.0 0.19275978128901941 nan 2
4018.0 0.19291912938910838 nan 2
4020.0 0.19308007977179317 nan 2
4022.0 0.19324263686728874 nan 2
4024.0 0.19340680521102685 nan 2
4026.0 0.19357258944398134 nan 2
4028.0 0.19373999431301067 nan 2
4030.0 0.19390902467121895 nan 2
4032.0 0.19407968547833443 nan 2
4034.0 0.19425198180110606 nan 2
4036.0 0.19442591881371815 nan 2
4038.0 0.19460150179822261 nan 2
4040.0 0.19477873614499006 nan 2
4042.0 0.19487078057935112 nan 2
4044.0 0.19496467792672451 nan 2
4046.0 0.19506043053281177 nan 2
4048.0 0.19515804087044517 nan 2
4050.0 0.19525751153971588 nan 2
4052.0 0.19535884526812489 nan 2
4054.0 0.19546204491075553 nan 2
4056.0 0.19556711345046879 nan 2
4058.0 0.19567360317833965 nan 2
4060.0 0.19577881092983895 nan 2
4062.0 0.19588228542742939 nan 2
4064.0 0.19598402611959537 nan 2
4066.0 0.19608403252480777 nan 2
4068.0 0.19618230423148639 nan 2
4070.0 0.1962788408979543 nan 2
4072.0 0.19637364225238593 nan 2
4074.0 0.19646670809274844 nan 2
4076.0 0.19655803828673488 nan 2
4078.0 0.19664763277169203 nan 2
4080.0 0.19673549155453982 nan 2
4082.0 0.19682161471168488 nan 2
4084.0 0.19690600238892686 nan 2
4086.0 0.19698865480135735 nan 2
4088.0 0.19706957223325328 nan 2
4090.0 0.197148755037962 nan 2
4092.0 0.19722620363778082 nan 2
4094.0 0.19730191852382889 nan 2
4096.0 0.19737590025591317 nan 2
4098.0 0.19744814946238709 nan 2
4100.0 0.1975186668400028 nan 2
4102.0 0.1976185385942433 nan 2
4104.0 0.19771670610907086 nan 2
4106.0 0.19781316947490185 nan 2
4108.0 0.19790792885024919 nan 2
4110.0 0.1980009844615945 nan 2
4112.0 0.1980923366032552 nan 2
4114.0 0.19818198563724371 nan 2
4116.0 0.19826993199312135 nan 2
4118.0 0.19835617616784471 nan 2
4120.0 0.19844071872560659 nan 2
4122.0 0.19852356029766968 nan 2
4124.0 0.19860470158219437 nan 2
4126.0 0.19868414334406048 nan 2
4128.0 0.19876188641468212 nan 2
4130.0 0.19883793169181688 nan 2
4132.0 0.19891228013936826 nan 2
4134.0 0.19898493278718307 nan 2
4136.0 0.19905589073084101 nan 2
4138.0 0.19912515513144036 nan 2
4140.0 0.19919272721537559 nan 2
4142.0 0.19918769438909903 nan 2
4144.0 0.1991816983607417 nan 2
4146.0 0.19917482139576048 nan 2
4148.0 0.199167065036986 nan 2
4150.0 0.19915843084212217 nan 2
4152.0 0.19914892038365831 nan 2
4154.0 0.19913853524878081 nan 2
4156.0 0.19912727703928448 nan 2
4158.0 0.19911514737148306 nan 2
4160.0 0.19910214787611963 nan 2
4162.0 0.1990882801982761 nan 2
4164.0 0.19907354599728272 nan 2
4166.0 0.19905794694662657 nan 2
4168.0 0.19904148473386044 nan 2
4170.0 0.19902416106051021 nan 2
4172.0 0.19900597764198266 nan 2
4174.0 0.19898693620747218 nan 2
4176.0 0.19896703849986813 nan 2
4178.0 0.19894628627566005 nan 2
4180.0 0.19892468130484428 nan 2
4182.0 0.19890222537082902 nan 2
4184.0 0.19887892027033963 nan 2
4186.0 0.19885476781332292 nan 2
4188.0 0.19882976982285175 nan 2
4190.0 0.19880392813502878 nan 2
4192.0 0.19877724459889029 nan 2
4194.0 0.19874972107630906 nan 2
4196.0 0.19872135944189753 nan 2
4198.0 0.19869216158291039 nan 2
4200.0 0.19866212939914654 nan 2
4202.0 0.19865804984708824 nan 2
4204.0 0.19865313487038488 nan 2
4206.0 0.19864738606940613 nan 2
4208.0 0.19864080505763274 nan 2
4210.0 0.19863339346156578 nan 2
4212.0 0.19862515292063584 nan 2
4214.0 0.19861608508711098 nan 2
4216.0 0.19860619162600529 nan 2
4218.0 0.19859547421498686 nan 2
4220.0 0.19858393454428494 nan 2
4222.0 0.19857157431659758 nan 2
4224.0 0.19855839524699825 nan 2
4226.0 0.19854420872286976 nan 2
4228.0 0.19852787560168195 nan 2
4230.0 0.19850921032170077 nan 2
4232.0 0.19848821792886406 nan 2
4234.0 0.19846490360990604 nan 2
4236.0 0.19843927269135092 nan 2
4238.0 0.19841133063848593 nan 2
4240.0 0.19838108305431706 nan 2
4242.0 0.19828411191615825 nan 2
4244.0 0.1981850046474195 nan 2
4246.0 0.19808376898638813 nan 2
4248.0 0.19798041278951281 nan 2
4250.0 0.19787494403013456 nan 2
4252.0 0.19776737079720375 nan 2
4254.0 0.19765770129398419 nan 2
4256.0 0.19754594383674409 nan 2
4258.0 0.19743210685343385 nan 2
4260.0 0.19731619888235138 nan 2
4262.0 0.19719822857079658 nan 2
4264.0 0.19707820467371309 nan 2
4266.0 0.19695613605231885 nan 2
4268.0 0.1968320316727265 nan 2
4270.0 0.19670590060455276 nan 2
4272.0 0.19657775201951777 nan 2
4274.0 0.19644759519003477 nan 2
4276.0 0.19631543948779048 nan 2
4278.0 0.19618129438231621 nan 2
4280.0 0.19604516943955075 nan 2
4282.0 0.19590707432039464 nan 2
4284.0 0.19576701877925679 nan 2
4286.0 0.19562501266259388 nan 2
4288.0 0.19548106590744188 nan 2
4290.0 0.19533518853994183 nan 2
4292.0 0.19518739067385837 nan 2
4294.0 0.19503768250909281 nan 2
4296.0 0.19488607433019051 nan 2
4298.0 0.19473257650484299 nan 2
4300.0 0.19457719948238503 nan 2
4302.0 0.19441995392250117 nan 2
4304.0 0.19426085030286025 nan 2
4306.0 0.19409989930866361 nan 2
4308.0 0.19393711170070366 nan 2
4310.0 0.1937739606216988 nan 2
4312.0 0.19361920680630304 nan 2
4314.0 0.19347426375388399 nan 2
4316.0 0.19333908303589142 nan 2
4318.0 0.19321361929874176 nan 2
4320.0 0.19309783022806476 nan 2
4322.0 0.19299167651538623 nan 2
4324.0 0.19289512182719812 nan 2
4326.0 0.19280813277637068 nan 2
4328.0 0.19273067889586643 nan 2
4330.0 0.19266273261471678 nan 2
4332.0 0.19260426923622667 nan 2
4334.0 0.1925552669183781 nan 2
4336.0 0.19251570665639994 nan 2
4338.0 0.19248557226748406 nan 2
4340.0 0.19246485037762126 nan 2
4342.0 0.19240058303314109 nan 2
4344.0 0.19234578498381058 nan 2
4346.0 0.19230044332780558 nan 2
4348.0 0.19226454796484549 nan 2
4350.0 0.19223809158951971 nan 2
4352.0 0.19222106968668234 nan 2
4354.0 0.19221348052890952 nan 2
4356.0 0.192215325176016 nan 2
4358.0 0.19222660747663184 nan 2
4360.0 0.1922473340718405 nan 2
4362.0 0.19227751440088534 nan 2
4364.0 0.192317160708952 nan 2
4366.0 0.19236628805703826 nan 2
4368.0 0.19242491433392592 nan 2
4370.0 0.19249306027027097 nan 2
4372.0 0.19257074945483366 nan 2
4374.0 0.1926580083528697 nan 2
4376.0 0.19275486632671082 nan 2
4378.0 0.19286135565856241 nan 2
4380.0 0.19297751157555187 nan 2
4382.0 0.19310337227706337 nan 2
4384.0 0.1932389789643971 nan 2
4386.0 0.19338437587279805 nan 2
4388.0 0.19353961030589775 nan 2
4390.0 0.19370473267262095 nan 2
4392.0 0.19387979652660994 nan 2
4394.0 0.19406094519199271 nan 2
4396.0 0.19423862902454858 nan 2
4398.0 0.19441239032357413 nan 2
4400.0 0.19458220575837262 nan 2
4402.0 0.19475680580908525 nan 2
4404.0 0.19492742956256737 nan 2
4406.0 0.19509405444685771 nan 2
4408.0 0.19525665833306671 nan 2
4410.0 0.19541521954231453 nan 2
4412.0 0.19556971685255883 nan 2
4414.0 0.19572012950530829 nan 2
4416.0 0.19586643721221761 nan 2
4418.0 0.1960086201615609 nan 2
4420.0 0.19614665902457942 nan 2
4422.0 0.1962805349616995 nan 2
4424.0 0.19641022962861784 nan 2
4426.0 0.19653572518225043 nan 2
4428.0 0.19665700428654068 nan 2
4430.0 0.19677405011812496 nan 2
4432.0 0.19688684637185047 nan 2
4434.0 0.19699537726614383 nan 2
4436.0 0.19709962754822558 nan 2
4438.0 0.19719958249916841 nan 2
4440.0 0.19729522793879622 nan 2
4442.0 0.19734510323678958 nan 2
4444.0 0.19739064028525727 nan 2
4446.0 0.19743182928771269 nan 2
4448.0 0.19746866100985314 nan 2
4450.0 0.19750112678301965 nan 2
4452.0 0.19752921850747601 nan 2
4454.0 0.1975529286555073 nan 2
4456.0 0.19757225027433434 nan 2
4458.0 0.1975871769888429 nan 2
4460.0 0.19759770300412577 nan 2
4462.0 0.19760382310783509 nan 2
4464.0 0.19760553267234515 nan 2
4466.0 0.19760282765672235 nan 2
4468.0 0.1975957046085019 nan 2
4470.0 0.19758416066527026 nan 2
4472.0 0.1975681935560516 nan 2
4474.0 0.19754780160249683 nan 2
4476.0 0.19752368925865024 nan 2
4478.0 0.19750008940108763 nan 2
4480.0 0.19747770772988313 nan 2
4482.0 0.19745654447792055 nan 2
4484.0 0.19743659992335161 nan 2
4486.0 0.19741787438965372 nan 2
4488.0 0.19740036824569274 nan 2
4490.0 0.19738408190579007 nan 2
4492.0 0.19736901582979316 nan 2
4494.0 0.19735517052315171 nan 2
4496.0 0.1973425465369969 nan 2
4498.0 0.19733114446822533 nan 2
4500.0 0.19732096495958815 nan 2
4502.0 0.19732974641990106 nan 2
4504.0 0.19733975206807625 nan 2
4506.0 0.19735098301529447 nan 2
4508.0 0.197363440419345 nan 2
4510.0 0.19737712548475733 nan 2
4512.0 0.19739203946293693 nan 2
4514.0 0.197408183652306 nan 2
4516.0 0.19742555939844855 nan 2
4518.0 0.19744416809425999 nan 2
4520.0 0.19746401118010179 nan 2
4522.0 0.19748509014396051 nan 2
4524.0 0.19750740652161153 nan 2
4526.0 0.1975309618967877 nan 2
4528.0 0.19755575790135269 nan 2
4530.0 0.19758179621547908 nan 2
4532.0 0.19760907856783155 nan 2
4534.0 0.1976376067357544 nan 2
4536.0 0.19766738254546468 nan 2
4538.0 0.19769840787224977 nan 2
4540.0 0.19773068464067026 nan 2
4542.0 0.19773236188180132 nan 2
4544.0 0.19773529637482878 nan 2
4546.0 0.1977394895849118 nan 2
4548.0 0.19774494302647416 nan 2
4550.0 0.19775165826339253 nan 2
4552.0 0.19775963690919049 nan 2
4554.0 0.19776888062723699 nan 2
4556.0 0.19777939113095067 nan 2
4558.0 0.19779074581728526 nan 2
4560.0 0.19780039848156863 nan 2
4562.0 0.19780792201834083 nan 2
4564.0 0.19781331362001722 nan 2
4566.0 0.19781657061453742 nan 2
4568.0 0.19781769046592043 nan 2
4570.0 0.19781667077480011 nan 2
4572.0 0.19781350927893843 nan 2
4574.0 0.19780820385371808 nan 2
4576.0 0.19780075251261253 nan 2
4578.0 0.19779115340763551 nan 2
4580.0 0.19777940482976755 nan 2
4582.0 0.19776550520936109 nan 2
4584.0 0.1977494531165232 nan 2
4586.0 0.1977312472614762 nan 2
4588.0 0.19771088649489493 nan 2
4590.0 0.19768836980822285 nan 2
4592.0 0.19766369633396458 nan 2
4594.0 0.19763686534595545 nan 2
4596.0 0.19760787625960868 nan 2
4598.0 0.19757672863213957 nan 2
4600.0 0.19754342216276591 nan 2
4602.0 0.19751683419405719 nan 2
4604.0 0.19748808422526395 nan 2
4606.0 0.19745717209125183 nan 2
4608.0 0.19742409776948275 nan 2
4610.0 0.19738886138013101 nan 2
4612.0 0.19735146318617666 nan 2
4614.0 0.19731190359347481 nan 2
4616.0 0.19727018315080155 nan 2
4618.0 0.19722630254987644 nan 2
4620.0 0.19718026262536148 nan 2
4622.0 0.19713206435483616 nan 2
4624.0 0.1970817088587492 nan 2
4626.0 0.19702919740034647 nan 2
4628.0 0.19697453138557544 nan 2
4630.0 0.19691771236296599 nan 2
4632.0 0.19685874202348738 nan 2
4634.0 0.19679762220038249 nan 2
4636.0 0.1967343548689772 nan 2
4638.0 0.19666894214646774 nan 2
4640.0 0.19660171809325008 nan 2
4642.0 0.19650969723826728 nan 2
4644.0 0.19641820757753561 nan 2
4646.0 0.19632724837630175 nan 2
4648.0 0.19623681890780953 nan 2
4650.0 0.19614691845328208 nan 2
4652.0 0.19605754630190239 nan 2
4654.0 0.19596870175079553 nan 2
4656.0 0.19588038410501038 nan 2
4658.0 0.19579259267750179 nan 2
4660.0 0.19570532678911384 nan 2
4662.0 0.19561858576856189 nan 2
4664.0 0.19553236895241621 nan 2
4666.0 0.19544667568508564 nan 2
4668.0 0.19536150531880078 nan 2
4670.0 0.19527685721359864 nan 2
4672.0 0.19519273073730659 nan 2
4674.0 0.19510912526552721 nan 2
4676.0 0.19502604018162317 nan 2
4678.0 0.19494347487670247 nan 2
4680.0 0.19486142874960397 nan 2
4682.0 0.1947799012068829 nan 2
4684.0 0.19469889166279766 nan 2
4686.0 0.19461839953929524 nan 2
4688.0 0.19453842426599863 nan 2
4690.0 0.19445896528019349 nan 2
4692.0 0.19438002202681515 nan 2
4694.0 0.19430159395843657 nan 2
4696.0 0.19422368053525588 nan 2
4698.0 0.19414628122508437 nan 2
4700.0 0.19406939550333493 nan 2
4702.0 0.19401046227185884 nan 2
4704.0 0.19395202953032079 nan 2
4706.0 0.19389409691328346 nan 2
4708.0 0.19383666406271477 nan 2
4710.0 0.19377973062798029 nan 2
4712.0 0.19372329626583651 nan 2
4714.0 0.19366736064042506 nan 2
4716.0 0.19361192342326636 nan 2
4718.0 0.19355698429325366 nan 2
4720.0 0.19350254293664787 nan 2
4722.0 0.19344840739341262 nan 2
4724.0 0.19339342779907642 nan 2
4726.0 0.19333741313322625 nan 2
4728.0 0.19328036410208635 nan 2
4730.0 0.1932222814457748 nan 2
4732.0 0.1931631659382724 nan 2
4734.0 0.19310301838739044 nan 2
4736.0 0.19304183963473431 nan 2
4738.0 0.19297963055566508 nan 2
4740.0 0.1929163920592584 nan 2
4742.0 0.19283655797485283 nan 2
4744.0 0.19275570431088981 nan 2
4746.0 0.19267383232793267 nan 2
4748.0 0.19259094331981352 nan 2
4750.0 0.19250703861356527 nan 2
4752.0 0.19242211956934965 nan 2
4754.0 0.19233618758038368 nan 2
4756.0 0.19224924407286237 nan 2
4758.0 0.19216129050587985 nan 2
4760.0 0.19207232837134663 nan 2
4762.0 0.1919823591939053 nan 2
4764.0 0.19189138453084273 nan 2
4766.0 0.19179940597200024 nan 2
4768.0 0.19170642513968075 nan 2
4770.0 0.1916124436885534 nan 2
4772.0 0.19151746330555569 nan 2
4774.0 0.19142148570979281 nan 2
4776.0 0.19132451265243461 nan 2
4778.0 0.19122654591660995 nan 2
4780.0 0.19112758731729798 nan 2
4782.0 0.19102763870121811 nan 2
4784.0 0.19092670194671577 nan 2
4786.0 0.19082477896364722 nan 2
4788.0 0.19072187169326096 nan 2
4790.0 0.19061798210807665 nan 2
4792.0 0.19051311221176206 nan 2
4794.0 0.19040726403900732 nan 2
4796.0 0.19030043965539625 nan 2
4798.0 0.19019264115727638 nan 2
4800.0 0.19008387067162519 nan 2
4802.0 0.18998266916633749 nan 2
4804.0 0.18988086717634867 nan 2
4806.0 0.18978072483880434 nan 2
4808.0 0.18968261515604828 nan 2
4810.0 0.18958653427563063 nan 2
4812.0 0.18949247847410702 nan 2
4814.0 0.18940044415657453 nan 2
4816.0 0.1893104278562287 nan 2
4818.0 0.18922242623394073 nan 2
4820.0 0.18913643607785458 nan 2
4822.0 0.18905245430300432 nan 2
4824.0 0.18897047795095218 nan 2
4826.0 0.18889050418944534 nan 2
4828.0 0.18881253031209355 nan 2
4830.0 0.188736553738066 nan 2
4832.0 0.18866257201180844 nan 2
4834.0 0.18859058280277899 nan 2
4836.0 0.18852058390520487 nan 2
4838.0 0.18845257323785741 nan 2
4840.0 0.18838654884384723 nan 2
4842.0 0.18830832923101287 nan 2
4844.0 0.18823209697806526 nan 2
4846.0 0.18815785005475003 nan 2
4848.0 0.18808558655467023 nan 2
4850.0 0.18801530469513153 nan 2
4852.0 0.18794700281700724 nan 2
4854.0 0.18788067938462222 nan 2
4856.0 0.18781633298565625 nan 2
4858.0 0.1877539623310667 nan 2
4860.0 0.1876935662550305 nan 2
4862.0 0.187635143714905 nan 2
4864.0 0.18757869379120901 nan 2
4866.0 0.18752421568762173 nan 2
4868.0 0.18747170873100269 nan 2
4870.0 0.18742117237142958 nan 2
4872.0 0.1873726061822561 nan 2
4874.0 0.18732600986018963 nan 2
4876.0 0.18728138322538712 nan 2
4878.0 0.18723872622157198 nan 2
4880.0 0.18719803891616965 nan 2
4882.0 0.18715932150046247 nan 2
4884.0 0.18712257428976559 nan 2
4886.0 0.18708733553827583 nan 2
4888.0 0.18705083229343183 nan 2
4890.0 0.18701260200977443 nan 2
4892.0 0.18697264437869163 nan 2
4894.0 0.18693095918756522 nan 2
4896.0 0.18688754631991314 nan 2
4898.0 0.18684240575551783 nan 2
4900.0 0.18679553757054182 nan 2
4902.0 0.18675533575742045 nan 2
4904.0 0.18671340261898275 nan 2
4906.0 0.18666973828794398 nan 2
4908.0 0.18662434299378935 nan 2
4910.0 0.18657721706284533 nan 2
4912.0 0.18652836091833586 nan 2
4914.0 0.18647777508042621 nan 2
4916.0 0.18642546016625247 nan 2
4918.0 0.18637141688993827 nan 2
4920.0 0.18631564606259765 nan 2
4922.0 0.18625814859232423 nan 2
4924.0 0.18619892548416692 nan 2
4926.0 0.18613797784009223 nan 2
4928.0 0.186075306858933 nan 2
4930.0 0.18601091383632307 nan 2
4932.0 0.18594480016461923 nan 2
4934.0 0.18587696733280859 nan 2
4936.0 0.18580741692640348 nan 2
4938.0 0.18573615062732185 nan 2
4940.0 0.18566317021375489 nan 2
4942.0 0.18558025790725607 nan 2
4944.0 0.18549563807772784 nan 2
4946.0 0.18540931302034502 nan 2
4948.0 0.18532128512573101 nan 2
4950.0 0.1852315568797368 nan 2
4952.0 0.1851401308632063 nan 2
4954.0 0.1850470097517285 nan 2
4956.0 0.18495219631537635 nan 2
4958.0 0.18485569341843291 nan 2
4960.0 0.18475750401910357 nan 2
4962.0 0.18465763116921613 nan 2
4964.0 0.18455607801390717 nan 2
4966.0 0.18445284779129581 nan 2
4968.0 0.18434819244454259 nan 2
4970.0 0.18424360555920508 nan 2
4972.0 0.1841393353527325 nan 2
4974.0 0.18403538126705871 nan 2
4976.0 0.18393174274712387 nan 2
4978.0 0.18382841924086477 nan 2
4980.0 0.18372541019920502 nan 2
4982.0 0.18362271507604627 nan 2
4984.0 0.18352033332825812 nan 2
4986.0 0.18341826441566902 nan 2
4988.0 0.18331650780105749 nan 2
4990.0 0.18321506295014223 nan 2
4992.0 0.18311392933157369 nan 2
4994.0 0.18301310641692442 nan 2
4996.0 0.18291259368068064 nan 2
4998.0 0.18281239060023302 nan 2
5000.0 0.18271249665586803 nan 2
5002.0 0.18262111933595193 nan 2
5004.0 0.18253004156553482 nan 2
5006.0 0.18243926287443155 nan 2
5008.0 0.1823487827952304 nan 2
5010.0 0.18225860086328549 nan 2
5012.0 0.18216871661670833 nan 2
5014.0 0.18207912959636074 nan 2
5016.0 0.18198983934584698 nan 2
5018.0 0.18190084541150581 nan 2
5020.0 0.18181214734240356 nan 2
5022.0 0.18172374469032618 nan 2
5024.0 0.18163563700977206 nan 2
5026.0 0.18154782385794452 nan 2
5028.0 0.1814603047947447 nan 2
5030.0 0.1813730793827642 nan 2
5032.0 0.18128614718727809 nan 2
5034.0 0.18119950777623747 nan 2
5036.0 0.18111316072026284 nan 2
5038.0 0.18102710559263679 nan 2
5040.0 0.1809413419692974 nan 2
5042.0 0.18083895171784814 nan 2
5044.0 0.18073685814907703 nan 2
5046.0 0.18063506077064423 nan 2
5048.0 0.18053355909290345 nan 2
5050.0 0.18043274614892685 nan 2
5052.0 0.18033498052401872 nan 2
5054.0 0.18024065021830271 nan 2
5056.0 0.18014974986605975 nan 2
5058.0 0.18006227449069037 nan 2
5060.0 0.17997821950380816 nan 2
5062.0 0.17989758070444356 nan 2
5064.0 0.1798203542783571 nan 2
5066.0 0.17974653679746322 nan 2
5068.0 0.17967612521936158 nan 2
5070.0 0.1796091168869795 nan 2
5072.0 0.17954550952832204 nan 2
5074.0 0.1794853012563325 nan 2
5076.0 0.17942849056886093 nan 2
5078.0 0.17937507634874306 nan 2
5080.0 0.17932505786398778 nan 2
5082.0 0.17927843476807548 nan 2
5084.0 0.17923520710036525 nan 2
5086.0 0.17919537528661345 nan 2
5088.0 0.17915894013960229 nan 2
5090.0 0.17912590285988028 nan 2
5092.0 0.17909626503661424 nan 2
5094.0 0.17907002864855384 nan 2
5096.0 0.17904719606510894 nan 2
5098.0 0.17902777004754072 nan 2
5100.0 0.17901175375026779 nan 2
5102.0 0.17900317346481626 nan 2
5104.0 0.1789980100712954 nan 2
5106.0 0.17899626814326566 nan 2
5108.0 0.17899795265426782 nan 2
5110.0 0.17900306897976087 nan 2
5112.0 0.17901162289917988 nan 2
5114.0 0.17902362059811736 nan 2
5116.0 0.17903906867062624 nan 2
5118.0 0.17905797412164962 nan 2
5120.0 0.17908034436957537 nan 2
5122.0 0.17910618724891927 nan 2
5124.0 0.17913551101313729 nan 2
5126.0 0.17916832433756985 nan 2
5128.0 0.17920463632251793 nan 2
5130.0 0.17924445649645471 nan 2
5132.0 0.17928718856387213 nan 2
5134.0 0.17932919991840296 nan 2
5136.0 0.1793698809607692 nan 2
5138.0 0.17940922779885393 nan 2
5140.0 0.17944723659222048 nan 2
5142.0 0.17945855552719359 nan 2
5144.0 0.17946849891195382 nan 2
5146.0 0.17947706360063626 nan 2
5148.0 0.17948424650389411 nan 2
5150.0 0.17949004458933882 nan 2
5152.0 0.17949445488197757 nan 2
5154.0 0.17949747446464351 nan 2
5156.0 0.1794991004784228 nan 2
5158.0 0.17949933012307492 nan 2
5160.0 0.17949816065744909 nan 2
5162.0 0.17949558939989366 nan 2
5164.0 0.17949161372866176 nan 2
5166.0 0.17948623108231013 nan 2
5168.0 0.17947943896009261 nan 2
5170.0 0.17947123492234809 nan 2
5172.0 0.17946161659088239 nan 2
5174.0 0.17945058164934427 nan 2
5176.0 0.17943812784359525 nan 2
5178.0 0.17942425298207379 nan 2
5180.0 0.17940895493615253 nan 2
5182.0 0.17939223164048984 nan 2
5184.0 0.1793740810933748 nan 2
5186.0 0.17935450135706577 nan 2
5188.0 0.1793334905581222 nan 2
5190.0 0.17931104688773034 nan 2
5192.0 0.17928716860202112 nan 2
5194.0 0.17926185402238307 nan 2
5196.0 0.17923510153576663 nan 2
5198.0 0.17920690959498245 nan 2
5200.0 0.17917727671899242 nan 2
5202.0 0.17914620149319388 nan 2
5204.0 0.17911368256969604 nan 2
5206.0 0.17907971866759004 nan 2
5208.0 0.17904430857321102 nan 2
5210.0 0.17900745114039321 nan 2
5212.0 0.17896914529071725 nan 2
5214.0 0.17892921573275361 nan 2
5216.0 0.17888661553979651 nan 2
5218.0 0.17884116889797641 nan 2
5220.0 0.17879287450533285 nan 2
5222.0 0.1787417313288793 nan 2
5224.0 0.17868773860528961 nan 2
5226.0 0.1786308958415247 nan 2
5228.0 0.17857120281539382 nan 2
5230.0 0.17850865957605386 nan 2
5232.0 0.17844326644444447 nan 2
5234.0 0.17837502401365946 nan 2
5236.0 0.17830393314925352 nan 2
5238.0 0.17822999498948536 nan 2
5240.0 0.17815321094549497 nan 2
5242.0 0.17803632749728421 nan 2
5244.0 0.17791659529846632 nan 2
5246.0 0.17779401835294897 nan 2
5248.0 0.17766860093939671 nan 2
5250.0 0.17754034761080237 nan 2
5252.0 0.17740926319399258 nan 2
5254.0 0.17727535278906742 nan 2
5256.0 0.17713862176877443 nan 2
5258.0 0.17699907577781657 nan 2
5260.0 0.17685672073209538 nan 2
5262.0 0.17671156281788833 nan 2
5264.0 0.17656360849096142 nan 2
5266.0 0.17641286447561716 nan 2
5268.0 0.17625933776367783 nan 2
5270.0 0.17610303561340465 nan 2
5272.0 0.17594396554835381 nan 2
5274.0 0.17578213535616777 nan 2
5276.0 0.17561755308730492 nan 2
5278.0 0.17545022705370625 nan 2
5280.0 0.17528016582739922 nan 2
5282.0 0.17510737823904132 nan 2
5284.0 0.17493187337640159 nan 2
5286.0 0.17475366058278158 nan 2
5288.0 0.17457274945537715 nan 2
5290.0 0.17438914984358039 nan 2
5292.0 0.17420287184722219 nan 2
5294.0 0.17401392581475819 nan 2
5296.0 0.17382287876816593 nan 2
5298.0 0.17363307349050475 nan 2
5300.0 0.17344506051103131 nan 2
5302.0 0.17325883325126257 nan 2
5304.0 0.17307438535771408 nan 2
5306.0 0.17289171052686766 nan 2
5308.0 0.17271080256261179 nan 2
5310.0 0.17253165537555243 nan 2
5312.0 0.17235426298233961 nan 2
5314.0 0.17217861950501115 nan 2
5316.0 0.17200471917035068 nan 2
5318.0 0.17183255630926272 nan 2
5320.0 0.17166212535616282 nan 2
5322.0 0.17149342084838301 nan 2
5324.0 0.17132643742559275 nan 2
5326.0 0.17116116982923518 nan 2
5328.0 0.17099761290197812 nan 2
5330.0 0.17083576158718028 nan 2
5332.0 0.17067561092837216 nan 2
5334.0 0.17051715606875187 nan 2
5336.0 0.17036039225069505 nan 2
5338.0 0.17020531481527998 nan 2
5340.0 0.17005191920182652 nan 2
5342.0 0.16984476600147089 nan 2
5344.0 0.16963929615202628 nan 2
5346.0 0.16943550377349845 nan 2
5348.0 0.16923338308278862 nan 2
5350.0 0.16903292839314787 nan 2
5352.0 0.1688341341136442 nan 2
5354.0 0.16863699474864469 nan 2
5356.0 0.16844150489731058 nan 2
5358.0 0.16824765925310586 nan 2
5360.0 0.16805545260331992 nan 2
5362.0 0.16786487982860296 nan 2
5364.0 0.16767593590251517 nan 2
5366.0 0.16748861589108896 nan 2
5368.0 0.16730291495240435 nan 2
5370.0 0.16711882833617731 nan 2
5372.0 0.16693635138336158 nan 2
5374.0 0.16675547952576267 nan 2
5376.0 0.16657620828566552 nan 2
5378.0 0.16639813498868802 nan 2
5380.0 0.16621886878482997 nan 2
5382.0 0.16603801527828407 nan 2
5384.0 0.16585557880492927 nan 2
5386.0 0.16567156379322986 nan 2
5388.0 0.16548597476388896 nan 2
5390.0 0.16529881632948837 nan 2
5392.0 0.16511009319411529 nan 2
5394.0 0.16491981015297499 nan 2
5396.0 0.16472797209199153 nan 2
5398.0 0.16453458398739423 nan 2
5400.0 0.16433965090529179 nan 2
5402.0 0.16414686693260316 nan 2
5404.0 0.16395253956531286 nan 2
5406.0 0.16375667403307553 nan 2
5408.0 0.16355927565407433 nan 2
5410.0 0.16336034983453951 nan 2
5412.0 0.16315990206825601 nan 2
5414.0 0.16295793793605728 nan 2
5416.0 0.16275446310530745 nan 2
5418.0 0.1625494833293708 nan 2
5420.0 0.16234300444706923 nan 2
5422.0 0.16213503238212715 nan 2
5424.0 0.16192557314260475 nan 2
5426.0 0.16171463282031942 nan 2
5428.0 0.16150221759025493 nan 2
5430.0 0.16128833370995957 nan 2
5432.0 0.16107298751893201 nan 2
5434.0 0.16085618543799635 nan 2
5436.0 0.16063793396866569 nan 2
5438.0 0.16041823969249436 nan 2
5440.0 0.16019710927041941 nan 2
5442.0 0.16000726651840352 nan 2
5444.0 0.15981598691786217 nan 2
5446.0 0.15962327644246821 nan 2
5448.0 0.15942914114388532 nan 2
5450.0 0.15923358715114236 nan 2
5452.0 0.15903662066999741 nan 2
5454.0 0.15883824798229146 nan 2
5456.0 0.15863847544529175 nan 2
5458.0 0.1584373094910255 nan 2
5460.0 0.1582347566256031 nan 2
5462.0 0.15803082342853253 nan 2
5464.0 0.15782551655202331 nan 2
5466.0 0.15761884272028154 nan 2
5468.0 0.15741080872879543 nan 2
5470.0 0.15720142144361179 nan 2
5472.0 0.15699068780060393 nan 2
5474.0 0.15677861480472979 nan 2
5476.0 0.1565652095292826 nan 2
5478.0 0.15635047911513225 nan 2
5480.0 0.15613443076995884 nan 2
5482.0 0.15591707176747768 nan 2
5484.0 0.15569840944665675 nan 2
5486.0 0.15547845121092591 nan 2
5488.0 0.15525720452737901 nan 2
5490.0 0.15503467692596809 nan 2
5492.0 0.15481087599869056 nan 2
5494.0 0.15458580939876915 nan 2
5496.0 0.15435948483982506 nan 2
5498.0 0.15413191009504446 nan 2
5500.0 0.15390309299633806 nan 2
5502.0 0.15367994861062109 nan 2
5504.0 0.1534555572269557 nan 2
5506.0 0.15322992668262109 nan 2
5508.0 0.15300306487163226 nan 2
5510.0 0.15277497974388279 nan 2
5512.0 0.15254567930428115 nan 2
5514.0 0.15231517161188116 nan 2
5516.0 0.15208346477900878 nan 2
5518.0 0.15185056697038185 nan 2
5520.0 0.15161648640222611 nan 2
5522.0 0.15138123134138631 nan 2
5524.0 0.15114481010443229 nan 2
5526.0 0.15090723105676124 nan 2
5528.0 0.15066850261169551 nan 2
5530.0 0.1504286332295765 nan 2
5532.0 0.15018763141685487 nan 2
5534.0 0.14994550572517706 nan 2
5536.0 0.14970226475046849 nan 2
5538.0 0.14945791713201312 nan 2
5540.0 0.14921247155153078 nan 2
